Date	Open	High	Low	Close	Volume	Adj Close
12/23/16	12.43	12.46	12.36	12.46	15578200	12.46
12/22/16	12.63	12.64	12.4	12.4	27556900	12.4
12/21/16	12.73	12.77	12.64	12.64	18056600	12.64
12/20/16	12.7	12.82	12.68	12.78	17752900	12.78
12/19/16	12.59	12.8	12.59	12.66	22780900	12.66
12/16/16	12.66	12.7	12.56	12.63	28099200	12.63
12/15/16	12.54	12.72	12.52	12.58	23672100	12.58
12/14/16	12.65	12.79	12.5	12.53	42243500	12.53
12/13/16	12.84	12.88	12.75	12.77	38816300	12.77
12/12/16	13.08	13.1	12.81	12.82	39544700	12.82
12/9/16	13	13.2	12.91	13.17	45233200	13.17
12/8/16	13.07	13.15	12.97	13.03	41451800	13.03
12/7/16	12.59	13.15	12.54	13.06	58440500	13.06
12/6/16	12.4	12.59	12.37	12.56	23668100	12.56
12/5/16	12.31	12.5	12.29	12.44	36118300	12.44
12/2/16	12.58	12.58	12.15	12.24	38601600	12.24
12/1/16	12.23	12.8	12.18	12.43	95143600	12.43
11/30/16	11.97	12.14	11.92	11.96	47646200	11.96
11/29/16	11.93	12	11.87	11.92	23690800	11.92
11/28/16	12.02	12.05	11.89	11.92	24407200	11.92
11/25/16	11.95	12.06	11.93	12.04	11439600	12.04
11/23/16	11.9	12	11.85	11.9	22414000	11.9
11/22/16	11.76	11.91	11.73	11.89	24274700	11.89
11/21/16	11.77	11.9	11.77	11.79	19508600	11.79
11/18/16	11.87	11.9	11.73	11.76	30662000	11.76
11/17/16	11.9	11.96	11.78	11.87	38502500	11.87
11/16/16	12	12.05	11.92	12	25195500	12
11/15/16	12.06	12.14	11.95	12.04	31498500	12.04
11/14/16	12.27	12.5	12.02	12.06	56109900	12.06
11/11/16	11.88	12.4	11.84	12.28	79135100	12.28
11/10/16	11.58	11.98	11.58	11.94	52756500	11.94
11/9/16	11.15	11.63	11.07	11.58	60625700	11.58
11/8/16	11.5	11.51	11.35	11.48	28456100	11.48
11/7/16	11.52	11.62	11.39	11.58	25120700	11.58
11/4/16	11.31	11.5	11.3	11.34	24752400	11.34
11/3/16	11.39	11.46	11.27	11.35	38651500	11.35
11/2/16	11.51	11.56	11.36	11.4	36229400	11.4
11/1/16	11.78	11.84	11.5	11.61	35613600	11.61
10/31/16	11.75	11.81	11.69	11.74	31898400	11.74
10/28/16	11.74	11.85	11.63	11.72	37142400	11.72
10/27/16	11.81	11.83	11.6	11.74	48402000	11.74
10/26/16	11.8	11.93	11.76	11.88	36219900	11.88
10/25/16	12.05	12.1	11.76	11.85	42486000	11.85
10/24/16	12.06	12.2	12.06	12.19	33733600	12.04
10/21/16	11.93	12.04	11.85	12.02	24364200	11.872093
10/20/16	12.02	12.03	11.9	11.97	18116000	11.822708
10/19/16	11.89	12.05	11.88	12.01	26094000	11.862215
10/18/16	11.92	11.93	11.71	11.89	39911300	11.743692
10/17/16	11.91	12	11.88	11.88	19875000	11.733815
10/14/16	11.96	12	11.89	11.91	25775700	11.763446
10/13/16	11.91	11.91	11.69	11.91	39904200	11.763446
10/12/16	12	12.01	11.94	11.96	20627000	11.812831
10/11/16	12.17	12.17	11.91	11.99	40053500	11.842461
10/10/16	12.35	12.38	12.1	12.12	24951400	11.970862
10/7/16	12.39	12.42	12.2	12.29	22093200	12.13877
10/6/16	12.43	12.51	12.33	12.39	25880900	12.23754
10/5/16	12.22	12.53	12.22	12.48	55529100	12.326431
10/4/16	12.11	12.25	12.09	12.2	23948700	12.049877
10/3/16	12.06	12.15	12.02	12.1	20683100	11.951108
9/30/16	12	12.14	11.99	12.07	34903800	11.921477
9/29/16	12.03	12.12	11.95	11.97	23397400	11.822708
9/28/16	12.02	12.09	11.96	12.09	29341500	11.941231
9/27/16	12.02	12.09	11.93	11.98	28965800	11.832584
9/26/16	12.12	12.12	12	12.01	26758600	11.862215
9/23/16	12.12	12.22	12.12	12.17	18993500	12.020247
9/22/16	12.17	12.29	12.16	12.18	36136200	12.030124
9/21/16	12.08	12.11	12.01	12.09	32934600	11.941231
9/20/16	12.09	12.19	11.96	12	37820800	11.852338
9/19/16	12.12	12.33	12.06	12.11	41175500	11.960984
9/16/16	12.05	12.13	12.01	12.11	26271600	11.960984
9/15/16	12.14	12.18	12.06	12.11	57334800	11.960984
9/14/16	12.18	12.31	12.11	12.14	62450600	11.990616
9/13/16	12.53	12.68	12.33	12.38	56549100	12.227662
9/12/16	12.32	12.77	12.28	12.7	42690200	12.543725
9/9/16	12.61	12.69	12.38	12.38	35733600	12.227662
9/8/16	12.5	12.75	12.5	12.73	34017900	12.573355
9/7/16	12.62	12.75	12.62	12.7	22879100	12.543725
9/6/16	12.49	12.67	12.43	12.67	36098900	12.514094
9/2/16	12.53	12.57	12.46	12.5	21079800	12.346186
9/1/16	12.66	12.72	12.35	12.44	40510400	12.286924
8/31/16	12.48	12.61	12.48	12.6	26030600	12.444956
8/30/16	12.47	12.56	12.43	12.55	26040400	12.395571
8/29/16	12.38	12.5	12.38	12.47	22243200	12.316555
8/26/16	12.47	12.55	12.34	12.38	22645900	12.227662
8/25/16	12.3	12.52	12.21	12.47	44713700	12.316555
8/24/16	12.41	12.44	12.28	12.3	19999600	12.148647
8/23/16	12.4	12.43	12.33	12.42	34634100	12.26717
8/22/16	12.35	12.38	12.29	12.36	22458400	12.207908
8/19/16	12.3	12.41	12.25	12.39	21891400	12.23754
8/18/16	12.33	12.36	12.27	12.33	23629500	12.178278
8/17/16	12.33	12.39	12.23	12.39	23434500	12.23754
8/16/16	12.35	12.43	12.33	12.34	20450100	12.188155
8/15/16	12.37	12.44	12.36	12.43	16371100	12.277047
8/12/16	12.29	12.37	12.25	12.33	18816900	12.178278
8/11/16	12.31	12.37	12.26	12.31	24987300	12.158524
8/10/16	12.3	12.36	12.23	12.25	24555800	12.099262
8/9/16	12.16	12.38	12.15	12.31	30097800	12.158524
8/8/16	12.22	12.33	12.15	12.18	33310600	12.030124
8/5/16	12.16	12.26	12.16	12.19	31219500	12.04
8/4/16	12.12	12.23	12.05	12.08	38443200	11.931354
8/3/16	12.02	12.2	11.94	12.13	47323300	11.980739
8/2/16	12.35	12.36	11.9	11.94	101624900	11.793076
8/1/16	12.61	12.62	12.4	12.48	51963100	12.326431
7/29/16	12.61	12.88	12.6	12.66	59754100	12.504217
7/28/16	12.78	12.86	12.45	12.71	142168600	12.553602
7/27/16	13.86	13.99	13.75	13.84	34625500	13.669697
7/26/16	13.73	13.88	13.69	13.86	28467200	13.68945
7/25/16	13.86	13.95	13.76	13.83	26248500	13.511665
7/22/16	13.92	13.93	13.71	13.84	25134100	13.521435
7/21/16	13.87	14.04	13.86	13.92	40574400	13.599594
7/20/16	13.61	13.78	13.56	13.74	22588900	13.423737
7/19/16	13.56	13.72	13.5	13.65	26183400	13.335808
7/18/16	13.56	13.68	13.42	13.65	22545800	13.335808
7/15/16	13.63	13.67	13.53	13.57	19546300	13.257649
7/14/16	13.57	13.7	13.55	13.59	31803000	13.27719
7/13/16	13.49	13.51	13.31	13.48	26779800	13.169721
7/12/16	13.38	13.54	13.38	13.45	31320100	13.140412
7/11/16	13.17	13.33	13.13	13.27	28626300	12.964556
7/8/16	12.89	13.17	12.89	13.09	45945200	12.788698
7/7/16	12.57	12.84	12.57	12.75	33473000	12.456524
7/6/16	12.32	12.58	12.21	12.57	35091200	12.280667
7/5/16	12.57	12.59	12.31	12.4	30243300	12.11458
7/1/16	12.88	12.89	12.69	12.72	45067800	12.427215
6/30/16	12.56	12.57	12.26	12.57	44983800	12.280667
6/29/16	12.49	12.58	12.36	12.55	31937900	12.261128
6/28/16	12.42	12.44	12.21	12.39	40640400	12.104811
6/27/16	12.43	12.43	12	12.16	52731800	11.880105
6/24/16	12.79	12.91	12.45	12.52	96887300	12.231819
6/23/16	13.29	13.41	13.28	13.4	24579700	13.091562
6/22/16	13.23	13.31	13.15	13.18	20666600	12.876627
6/21/16	13.44	13.44	13.18	13.22	36721800	12.915706
6/20/16	13.39	13.55	13.39	13.42	29666700	13.111102
6/17/16	13.16	13.4	13.15	13.26	37364900	12.954785
6/16/16	12.93	13.14	12.85	13.12	26581200	12.818008
6/15/16	12.91	13.16	12.88	13.01	25829700	12.71054
6/14/16	12.99	13.07	12.76	12.84	30546000	12.544453
6/13/16	13.07	13.13	12.96	12.98	20745800	12.68123
6/10/16	13.17	13.25	13.05	13.1	27382700	12.798468
6/9/16	13.26	13.3	13.14	13.26	19873800	12.954785
6/8/16	13.45	13.49	13.35	13.36	18084800	13.052483
6/7/16	13.23	13.45	13.18	13.38	27656900	13.072023
6/6/16	13.08	13.21	13.04	13.18	25588700	12.876627
6/3/16	13.14	13.14	12.9	13.04	39762700	12.739849
6/2/16	13.09	13.32	13.05	13.21	41614600	12.905936
6/1/16	13.43	13.44	12.97	13.11	58219600	12.808238
5/31/16	13.49	13.56	13.4	13.49	26096000	13.179491
5/27/16	13.48	13.54	13.4	13.45	17068800	13.140412
5/26/16	13.59	13.68	13.37	13.46	18369900	13.150182
5/25/16	13.33	13.6	13.33	13.52	26188300	13.208801
5/24/16	13.16	13.3	13.16	13.29	19721600	12.984095
5/23/16	13.14	13.2	13.11	13.13	16234300	12.827778
5/20/16	13.15	13.26	13.13	13.19	19465000	12.886396
5/19/16	13.1	13.2	13.02	13.09	24117800	12.788698
5/18/16	13.12	13.34	13.05	13.16	23509700	12.857087
5/17/16	13.14	13.31	13.07	13.14	34165300	12.837548
5/16/16	13.22	13.38	13.21	13.32	21262700	13.013404
5/13/16	13.34	13.52	13.17	13.22	27481900	12.915706
5/12/16	13.4	13.47	13.17	13.35	24784300	13.042714
5/11/16	13.44	13.54	13.3	13.32	20229600	13.013404
5/10/16	13.38	13.52	13.38	13.49	23583400	13.179491
5/9/16	13.42	13.5	13.28	13.32	21602000	13.013404
5/6/16	13.26	13.48	13.24	13.44	23234500	13.130642
5/5/16	13.35	13.43	13.22	13.32	23838100	13.013404
5/4/16	13.29	13.38	13.14	13.31	28895000	13.003635
5/3/16	13.5	13.55	13.15	13.43	45432200	13.120873
5/2/16	13.67	13.79	13.6	13.62	57955400	13.306499
4/29/16	13.93	14.03	13.53	13.56	69695100	13.24788
4/28/16	13.79	14.22	13.71	14.09	87588800	13.765681
4/27/16	13.64	13.71	13.59	13.66	27151400	13.345578
4/26/16	13.66	13.82	13.63	13.75	35214200	13.28696
4/25/16	13.59	13.65	13.47	13.58	19494800	13.122684
4/22/16	13.63	13.78	13.51	13.61	28846300	13.151674
4/21/16	13.81	13.88	13.56	13.65	38126300	13.190327
4/20/16	13.42	13.72	13.4	13.64	32199000	13.180664
4/19/16	13.35	13.5	13.28	13.44	28808300	12.987399
4/18/16	12.98	13.28	12.95	13.25	30091900	12.803797
4/15/16	13.1	13.12	12.85	12.94	22986100	12.504236
4/14/16	13.09	13.18	13.02	13.09	22453700	12.649186
4/13/16	12.87	13.12	12.85	13.06	29331100	12.620196
4/12/16	12.72	12.84	12.66	12.81	23417000	12.378615
4/11/16	12.61	12.8	12.58	12.66	27744800	12.233666
4/8/16	12.62	12.78	12.51	12.55	20015300	12.127371
4/7/16	12.77	12.79	12.39	12.52	37688100	12.098381
4/6/16	12.75	12.87	12.65	12.82	22597400	12.388278
4/5/16	12.73	12.85	12.52	12.77	32425000	12.339962
4/4/16	13.11	13.12	12.76	12.8	42406300	12.368952
4/1/16	13.28	13.33	13.05	13.1	57914000	12.658849
3/31/16	13.34	13.52	13.34	13.5	32943400	13.045378
3/30/16	13.28	13.44	13.25	13.35	25322500	12.90043
3/29/16	13.05	13.2	12.97	13.2	26077400	12.755481
3/28/16	13.13	13.17	13.07	13.09	18684200	12.649186
3/24/16	13.11	13.12	12.78	13.06	36203200	12.620196
3/23/16	13.57	13.61	13.19	13.26	31535500	12.813461
3/22/16	13.65	13.73	13.51	13.59	26148000	13.132348
3/21/16	13.64	13.76	13.56	13.66	20905200	13.19999
3/18/16	13.54	13.7	13.49	13.64	32182400	13.180664
3/17/16	13.47	13.68	13.39	13.47	31521700	13.016389
3/16/16	13.21	13.51	13.18	13.5	47035000	13.045378
3/15/16	13.12	13.24	13.05	13.23	27729900	12.78447
3/14/16	13.28	13.37	13.18	13.27	20609600	12.823124
3/11/16	13.26	13.3	13.2	13.29	27583000	12.84245
3/10/16	13.25	13.28	12.92	13.15	39076500	12.707165
3/9/16	13.25	13.32	13.01	13.19	34146200	12.745817
3/8/16	13.51	13.58	13.15	13.23	34770600	12.78447
3/7/16	13.46	13.74	13.45	13.62	26131400	13.161337
3/4/16	13.56	13.86	13.43	13.59	31818600	13.132348
3/3/16	13.25	13.61	13.24	13.54	44524500	13.084031
3/2/16	13.06	13.35	13.04	13.22	36598200	12.774808
3/1/16	13.01	13.12	12.72	13.09	71523900	12.649186
2/29/16	12.42	12.65	12.39	12.51	32999100	12.088718
2/26/16	12.52	12.59	12.4	12.47	30228800	12.050065
2/25/16	12.11	12.4	12.05	12.39	32024800	11.972759
2/24/16	12.11	12.11	11.6	12.08	60608400	11.673198
2/23/16	12.53	12.65	12.42	12.42	30136700	12.001748
2/22/16	12.1	12.56	12.1	12.56	33549700	12.137034
2/19/16	12.19	12.22	12.01	12.1	26479300	11.692525
2/18/16	12.4	12.44	12.12	12.26	28784700	11.847136
2/17/16	11.99	12.3	11.98	12.27	37766400	11.8568
2/16/16	11.75	11.88	11.53	11.87	41072100	11.47027
2/12/16	11.25	11.58	11.18	11.55	28085000	11.161046
2/11/16	11.17	11.43	11.1	11.17	45801300	10.793843
2/10/16	11.46	11.57	11.33	11.34	38160300	10.958118
2/9/16	11.47	11.61	11.22	11.35	48956800	10.967782
2/8/16	11.39	11.69	11.25	11.59	45274500	11.199699
2/5/16	11.52	11.7	11.42	11.45	33322200	11.064413
2/4/16	11.37	11.69	11.26	11.53	40223100	11.141719
2/3/16	11.67	11.68	11.02	11.46	69454600	11.074077
2/2/16	11.95	12.08	11.45	11.51	55649200	11.122393
2/1/16	11.92	12.14	11.73	12.07	37301200	11.663534
1/29/16	11.83	11.94	11.65	11.94	52137400	11.537912
1/28/16	12.03	12.06	11.2	11.71	75699800	11.315658
1/27/16	12.05	12.1	11.73	11.85	42064200	11.450944
1/26/16	12.14	12.3	12.04	12.26	45969800	11.460607
1/25/16	12.3	12.31	11.93	11.98	96738600	11.198863
1/22/16	12.26	12.36	12.03	12.14	44537800	11.348431
1/21/16	12.01	12.28	11.86	12.01	48841800	11.226908
1/20/16	11.79	12.07	11.47	11.9	59879000	11.12408
1/19/16	12.15	12.16	11.82	11.95	41142600	11.17082
1/15/16	11.81	12	11.58	11.97	68051700	11.189516
1/14/16	12.19	12.31	11.82	12.19	62938600	11.395171
1/13/16	12.73	12.84	12.06	12.2	102174700	11.404519
1/12/16	13.03	13.04	12.58	12.85	50983700	12.012137
1/11/16	12.8	12.82	12.55	12.77	41269100	11.937353
1/8/16	13.05	13.1	12.5	12.54	46199400	11.72235
1/7/16	12.9	13.04	12.6	12.7	57846700	11.871917
1/6/16	13.56	13.56	13.05	13.11	61285500	12.255184
1/5/16	13.97	14	13.51	13.72	50267500	12.82541
1/4/16	13.87	14	13.75	13.97	38618500	13.059109
12/31/15	14.14	14.16	14.04	14.09	19834600	13.171285
12/30/15	14.23	14.26	14.12	14.17	13800300	13.246068
12/29/15	14.28	14.3	14.15	14.23	18867800	13.302156
12/28/15	14.28	14.34	14.16	14.18	13697500	13.255417
12/24/15	14.35	14.37	14.25	14.31	9000100	13.37694
12/23/15	14.27	14.38	14.26	14.36	22172300	13.423679
12/22/15	13.93	14.25	13.9	14.2	50646600	13.274112
12/21/15	13.89	13.95	13.67	13.73	31598000	12.834757
12/18/15	13.88	13.91	13.72	13.8	40453000	12.900194
12/17/15	14.37	14.38	13.95	13.98	26179800	13.068456
12/16/15	14	14.36	13.99	14.36	40683800	13.423679
12/15/15	13.74	14	13.72	13.87	43728500	12.965629
12/14/15	13.66	13.74	13.4	13.62	26825200	12.73193
12/11/15	13.84	13.92	13.58	13.64	29576400	12.750626
12/10/15	13.91	14.09	13.89	13.96	22025200	13.049761
12/9/15	13.91	14.14	13.8	13.89	25196900	12.984326
12/8/15	14.03	14.1	13.88	13.97	30356900	13.059109
12/7/15	14.19	14.2	14.02	14.12	14530600	13.199328
12/4/15	14.08	14.26	14	14.2	28354100	13.274112
12/3/15	14.31	14.34	13.93	13.98	29847300	13.068456
12/2/15	14.6	14.62	14.24	14.26	21398100	13.3302
12/1/15	14.32	14.56	14.29	14.56	29142200	13.610639
11/30/15	14.54	14.55	14.29	14.33	27860300	13.395636
11/27/15	14.54	14.59	14.5	14.53	7760600	13.582595
11/25/15	14.54	14.68	14.52	14.55	12627000	13.601291
11/24/15	14.41	14.63	14.32	14.55	21251800	13.601291
11/23/15	14.6	14.73	14.51	14.55	18273900	13.601291
11/20/15	14.62	14.76	14.54	14.6	18906200	13.648031
11/19/15	14.45	14.63	14.42	14.57	23593800	13.619987
11/18/15	14.23	14.5	14.18	14.46	26250400	13.517159
11/17/15	14.02	14.37	14.01	14.15	25188600	13.227372
11/16/15	13.85	14.08	13.85	14.04	22636000	13.124545
11/13/15	14.02	14.07	13.89	13.92	25482700	13.012369
11/12/15	14.21	14.27	14.02	14.04	20283700	13.124545
11/11/15	14.28	14.38	14.18	14.31	16893000	13.37694
11/10/15	14.33	14.34	14.14	14.28	22197200	13.348896
11/9/15	14.52	14.53	14.26	14.33	25257400	13.395636
11/6/15	14.51	14.55	14.38	14.52	24085700	13.573248
11/5/15	14.7	14.71	14.5	14.57	21877700	13.619987
11/4/15	14.83	14.86	14.64	14.65	27166400	13.69477
11/3/15	14.78	14.87	14.72	14.81	25878800	13.844339
11/2/15	14.79	14.9	14.71	14.75	30295900	13.78825
10/30/15	14.74	14.95	14.63	14.81	29225800	13.844339
10/29/15	14.94	14.96	14.61	14.73	32247000	13.769554
10/28/15	14.78	15	14.67	14.97	34485300	13.993906
10/27/15	15.01	15.15	14.8	14.89	64579700	13.778902
10/26/15	15.73	15.84	15.57	15.68	38062300	14.509952
10/23/15	15.71	15.75	15.49	15.67	28592800	14.500698
10/22/15	15.49	15.63	15.4	15.58	23484400	14.417414
10/21/15	15.6	15.69	15.35	15.41	34039800	14.260099
10/20/15	15.27	15.6	15.27	15.38	29037300	14.232338
10/19/15	15.23	15.36	15.15	15.36	17863000	14.21383
10/16/15	15.25	15.29	15.11	15.28	24240500	14.1398
10/15/15	15.2	15.23	14.99	15.22	27437600	14.084277
10/14/15	14.94	15.04	14.86	15.01	22314500	13.889948
10/13/15	14.88	15.1	14.83	14.94	30615400	13.82517
10/12/15	14.98	15	14.85	14.98	14372100	13.862186
10/9/15	15.03	15.1	14.82	14.97	29216500	13.852932
10/8/15	14.72	15.01	14.68	14.99	25994700	13.87144
10/7/15	14.49	14.75	14.46	14.75	33389600	13.649349
10/6/15	14.19	14.44	14.15	14.31	27045900	13.242182
10/5/15	14.12	14.27	13.9	14.19	38611900	13.131136
10/2/15	13.5	14.01	13.42	13.99	30097000	12.94606
10/1/15	13.76	13.78	13.47	13.67	33326900	12.649939
9/30/15	13.37	13.58	13.27	13.57	40205300	12.557401
9/29/15	13.14	13.21	13.01	13.15	44417400	12.168741
9/28/15	13.46	13.51	13.06	13.12	41124700	12.14098
9/25/15	13.87	13.87	13.51	13.53	35967400	12.520385
9/24/15	13.57	13.7	13.27	13.65	32462000	12.631431
9/23/15	13.93	13.95	13.51	13.68	31598400	12.659193
9/22/15	14.01	14.05	13.73	13.92	44081000	12.881284
9/21/15	14.2	14.43	14.15	14.32	20764100	13.251435
9/18/15	14.44	14.48	14.21	14.28	40712200	13.21442
9/17/15	14.61	14.88	14.46	14.6	37709000	13.510542
9/16/15	14.32	14.76	14.25	14.64	41675000	13.547557
9/15/15	13.8	14.37	13.79	14.31	46666700	13.242182
9/14/15	13.72	13.79	13.63	13.78	26093500	12.75173
9/11/15	13.75	13.81	13.53	13.71	22804500	12.686954
9/10/15	13.52	13.83	13.35	13.73	38696300	12.705461
9/9/15	13.81	13.84	13.47	13.53	30846300	12.520385
9/8/15	13.77	13.78	13.54	13.67	30030100	12.649939
9/4/15	13.68	13.7	13.4	13.56	31138400	12.548147
9/3/15	13.94	14.07	13.78	13.84	27560400	12.807253
9/2/15	13.99	14	13.63	13.87	29602800	12.835015
9/1/15	13.95	14.15	13.6	13.72	50482900	12.696208
8/31/15	13.76	13.94	13.51	13.87	38210300	12.835015
8/28/15	13.54	13.84	13.53	13.74	25699000	12.714715
8/27/15	13.46	13.67	13.23	13.56	42067900	12.548147
8/26/15	13.18	13.35	12.77	13.21	48377900	12.224264
8/25/15	13.85	13.86	12.9	12.9	47961800	11.937396
8/24/15	12.24	13.48	10.44	13.19	59805900	12.205756
8/21/15	14.29	14.38	13.84	13.86	42103400	12.825761
8/20/15	14.71	14.71	14.4	14.43	24108500	13.353228
8/19/15	14.78	14.98	14.76	14.77	22419200	13.667857
8/18/15	14.69	14.84	14.66	14.83	16853800	13.723379
8/17/15	14.76	14.77	14.57	14.68	16028300	13.584572
8/14/15	14.73	14.83	14.68	14.78	18398900	13.67711
8/13/15	14.64	14.85	14.59	14.71	20560700	13.612334
8/12/15	14.55	14.71	14.37	14.68	20864000	13.584572
8/11/15	14.8	14.8	14.61	14.7	26971300	13.60308
8/10/15	14.86	15	14.81	14.99	16804900	13.87144
8/7/15	14.85	14.92	14.75	14.8	14279200	13.695618
8/6/15	14.8	14.88	14.62	14.83	26811400	13.723379
8/5/15	14.99	15.04	14.72	14.8	22490000	13.695618
8/4/15	14.94	15	14.84	14.91	18845000	13.797409
8/3/15	14.97	15.04	14.85	14.94	26702300	13.82517
7/31/15	15.18	15.19	14.73	14.83	32654400	13.723379
7/30/15	15.21	15.3	14.96	15.1	34980300	13.973232
7/29/15	14.83	15.3	14.81	15.21	52125400	14.075023
7/28/15	14.96	15	14.6	14.83	56398500	13.584572
7/27/15	14.35	14.6	14.23	14.55	43857200	13.328086
7/24/15	14.72	14.73	14.32	14.39	26050900	13.181523
7/23/15	14.75	14.87	14.59	14.61	29440400	13.383047
7/22/15	14.49	14.51	14.35	14.42	30909700	13.209004
7/21/15	14.53	14.55	14.45	14.51	19334700	13.291446
7/20/15	14.71	14.75	14.53	14.57	25428200	13.346406
7/17/15	14.51	14.69	14.48	14.69	31718000	13.456329
7/16/15	14.74	14.79	14.45	14.57	33938900	13.346406
7/15/15	14.83	14.86	14.61	14.75	21892100	13.51129
7/14/15	14.71	14.86	14.59	14.81	20830700	13.566252
7/13/15	14.64	14.65	14.42	14.64	19864000	13.410528
7/10/15	14.48	14.54	14.35	14.48	20093600	13.263965
7/9/15	14.6	14.62	14.27	14.33	29203200	13.126562
7/8/15	14.67	14.72	14.27	14.37	42278500	13.163203
7/7/15	14.77	14.9	14.52	14.85	28151300	13.602893
7/6/15	14.75	14.9	14.7	14.79	22609800	13.547931
7/2/15	15.01	15.08	14.81	14.87	18482400	13.621213
7/1/15	15.14	15.17	14.8	14.99	31744500	13.731135
6/30/15	15.17	15.18	14.9	15.01	28509300	13.749456
6/29/15	15.23	15.3	14.92	15.02	38117400	13.758616
6/26/15	15.43	15.49	15.35	15.4	20428200	14.106703
6/25/15	15.52	15.56	15.39	15.44	23994400	14.143343
6/24/15	15.5	15.66	15.42	15.5	35401000	14.198305
6/23/15	15.23	15.41	15.22	15.29	21177800	14.005941
6/22/15	15.14	15.25	15.1	15.13	18863800	13.859378
6/19/15	15.09	15.25	15.06	15.11	24675100	13.841057
6/18/15	15.03	15.24	15	15.14	21360500	13.868538
6/17/15	15.01	15.08	14.86	15.02	25842100	13.758616
6/16/15	15.01	15.04	14.93	15	23359500	13.740295
6/15/15	15.06	15.11	14.97	15.05	23825400	13.786096
6/12/15	15.2	15.35	15.18	15.23	19847300	13.950979
6/11/15	15.11	15.35	15.08	15.28	27187100	13.99678
6/10/15	15.01	15.08	14.95	15.03	20961100	13.767776
6/9/15	14.92	15.01	14.84	14.88	20454700	13.630373
6/8/15	14.83	15.01	14.8	14.9	30240600	13.648693
6/5/15	15.02	15.02	14.78	14.78	44736900	13.538771
6/4/15	15.13	15.17	15.01	15.05	23428400	13.786096
6/3/15	15.29	15.32	15.12	15.2	24257500	13.923499
6/2/15	15.44	15.5	15.21	15.26	34974700	13.97846
6/1/15	15.33	15.45	15.19	15.36	26685300	14.070062
5/29/15	15.31	15.4	15.16	15.17	19060400	13.896019
5/28/15	15.28	15.34	15.24	15.29	13959000	14.005941
5/27/15	15.23	15.37	15.2	15.32	18763900	14.033421
5/26/15	15.27	15.34	15.15	15.19	25002900	13.914339
5/22/15	15.5	15.5	15.27	15.27	24795800	13.987621
5/21/15	15.28	15.55	15.26	15.51	23962000	14.207465
5/20/15	15.54	15.56	15.26	15.3	22391500	14.015101
5/19/15	15.59	15.63	15.45	15.5	15145300	14.198305
5/18/15	15.47	15.64	15.45	15.58	19491900	14.271587
5/15/15	15.27	15.49	15.27	15.48	18937700	14.179984
5/14/15	15.5	15.54	15.2	15.27	28794700	13.987621
5/13/15	15.54	15.62	15.37	15.41	20890400	14.115863
5/12/15	15.59	15.65	15.5	15.56	17670000	14.253267
5/11/15	15.65	15.84	15.64	15.65	17249800	14.335708
5/8/15	15.62	15.71	15.59	15.67	21336800	14.354028
5/7/15	15.46	15.56	15.14	15.51	26996600	14.207465
5/6/15	15.61	15.66	15.4	15.48	26381200	14.179984
5/5/15	15.77	15.82	15.52	15.53	32248900	14.225785
5/4/15	15.81	15.88	15.75	15.78	15078700	14.45479
5/1/15	15.9	15.94	15.7	15.81	20602200	14.482271
4/30/15	15.97	16.040001	15.74	15.8	30269300	14.473111
4/29/15	15.86	16.1	15.82	16.02	35126900	14.674636
4/28/15	15.93	16.08	15.77	16.059999	56634200	14.573873
4/27/15	15.82	16	15.77	15.9	34824900	14.428679
4/24/15	15.73	15.87	15.7	15.77	20293300	14.310709
4/23/15	15.84	15.9	15.7	15.76	28458000	14.301634
4/22/15	15.83	15.93	15.72	15.91	20312100	14.437753
4/21/15	15.92	15.98	15.76	15.82	18509500	14.356082
4/20/15	15.89	15.92	15.82	15.91	15250800	14.437753
4/17/15	15.88	15.88	15.71	15.76	32149000	14.301634
4/16/15	16.040001	16.09	15.93	15.94	23494400	14.464977
4/15/15	16.01	16.08	16	16.07	25503500	14.582948
4/14/15	15.9	16.049999	15.89	15.97	21745900	14.492202
4/13/15	16	16.08	15.87	15.87	22521100	14.401455
4/10/15	15.97	16.049999	15.95	16.030001	17657700	14.54665
4/9/15	16	16.07	15.88	15.95	23461900	14.474052
4/8/15	15.97	16.09	15.95	15.98	25147000	14.501276
4/7/15	15.95	15.97	15.78	15.9	26616700	14.428679
4/6/15	15.95	16.110001	15.9	16	18522100	14.519425
4/2/15	15.93	16.040001	15.85	16.030001	15925400	14.54665
4/1/15	16.16	16.16	15.85	15.91	27365900	14.437753
3/31/15	16.120001	16.290001	16.08	16.139999	21792600	14.64647
3/30/15	16.120001	16.280001	16.049999	16.16	20537600	14.66462
3/27/15	16.059999	16.1	15.85	15.98	53270400	14.501276
3/26/15	16.110001	16.17	15.96	16.01	33327900	14.5285
3/25/15	16.530001	16.549999	16.18	16.18	21996200	14.682769
3/24/15	16.58	16.690001	16.469999	16.559999	16661800	15.027605
3/23/15	16.469999	16.74	16.459999	16.57	30709000	15.03668
3/20/15	16.35	16.540001	16.34	16.48	42096800	14.955008
3/19/15	16.42	16.459999	16.280001	16.34	18021500	14.827963
3/18/15	16.309999	16.51	16.110001	16.459999	33748000	14.936858
3/17/15	16.389999	16.49	16.360001	16.389999	20917700	14.873336
3/16/15	16.26	16.5	16.24	16.49	37731700	14.964083
3/13/15	16.16	16.25	16	16.200001	27877700	14.700919
3/12/15	15.88	16.23	15.86	16.17	31172200	14.673694
3/11/15	15.77	15.85	15.7	15.75	20638700	14.292559
3/10/15	15.94	15.95	15.69	15.72	31687700	14.265336
3/9/15	15.98	16.1	15.93	16.030001	17132400	14.54665
3/6/15	16.040001	16.200001	15.91	15.93	24420500	14.455903
3/5/15	16.09	16.23	16.09	16.110001	16548200	14.619247
3/4/15	16.09	16.139999	15.93	16.030001	25659400	14.54665
3/3/15	16.07	16.299999	16.059999	16.17	37689000	14.673694
3/2/15	16.34	16.59	16.34	16.57	26341100	15.03668
2/27/15	16.379999	16.4	16.219999	16.34	20337000	14.827963
2/26/15	16.4	16.57	16.370001	16.379999	20800000	14.864261
2/25/15	16.34	16.620001	16.34	16.51	23320200	14.982232
2/24/15	16.360001	16.42	16.280001	16.360001	17672500	14.846113
2/23/15	16.33	16.450001	16.290001	16.379999	19016800	14.864261
2/20/15	16.389999	16.459999	16.25	16.4	21523600	14.882411
2/19/15	16.190001	16.48	16.17	16.43	24863900	14.909635
2/18/15	16.16	16.33	16.059999	16.209999	22812700	14.709992
2/17/15	16.209999	16.299999	16	16.110001	44362300	14.619247
2/13/15	16.33	16.360001	16.190001	16.299999	19954600	14.791664
2/12/15	16.34	16.450001	16.299999	16.360001	23738800	14.846113
2/11/15	16.08	16.309999	16.01	16.25	34285300	14.746291
2/10/15	16.049999	16.139999	15.91	16.09	27928500	14.601097
2/9/15	15.76	16.030001	15.72	15.92	20286700	14.446828
2/6/15	15.84	16	15.77	15.86	28187700	14.39238
2/5/15	16.01	16.02	15.75	15.85	25713200	14.383306
2/4/15	15.68	16.02	15.65	15.87	41179500	14.401455
2/3/15	15.47	15.79	15.44	15.65	48335400	14.201813
2/2/15	14.75	15.3	14.74	15.27	40371800	13.856977
1/30/15	14.75	14.89	14.63	14.71	30439700	13.348797
1/29/15	14.62	14.96	14.3	14.85	40731100	13.475842
1/28/15	14.83	14.83	14.42	14.46	40579800	13.121931
1/27/15	14.96	14.99	14.72	14.85	34609100	13.339722
1/26/15	14.98	15.15	14.97	15.08	25237200	13.546331
1/23/15	15.02	15.08	14.89	14.91	21620600	13.39362
1/22/15	15.01	15.07	14.9	15.03	23669200	13.501415
1/21/15	14.98	15.11	14.88	14.97	23281500	13.447518
1/20/15	15.08	15.13	14.75	15.01	28553700	13.48345
1/16/15	14.81	15.04	14.75	15.02	32089900	13.492433
1/15/15	15.12	15.16	14.8	14.86	24981300	13.348705
1/14/15	15.07	15.16	14.83	15.11	36472600	13.573279
1/13/15	15.38	15.48	15.08	15.21	26279400	13.663109
1/12/15	15.31	15.32	15.11	15.22	22750800	13.672093
1/9/15	15.46	15.47	15.06	15.21	23420800	13.663109
1/8/15	15.4	15.48	15.23	15.42	33943400	13.851752
1/7/15	14.78	15.09	14.77	15.04	26065300	13.510399
1/6/15	14.88	14.9	14.38	14.62	32981600	13.133114
1/5/15	15.12	15.13	14.69	14.76	44079700	13.258876
1/2/15	15.59	15.65	15.18	15.36	24777900	13.797854
12/31/14	15.51	15.64	15.47	15.5	17930200	13.923616
12/30/14	15.48	15.6	15.45	15.5	14795000	13.923616
12/29/14	15.37	15.68	15.34	15.52	19137500	13.941582
12/26/14	15.3	15.49	15.26	15.45	11666400	13.878701
12/24/14	15.37	15.38	15.25	15.3	7128800	13.743956
12/23/14	15.21	15.45	15.21	15.33	20828700	13.770905
12/22/14	15.08	15.24	15	15.22	25366800	13.672093
12/19/14	14.79	15.05	14.74	15.03	40843500	13.501415
12/18/14	14.7	14.81	14.51	14.81	35542500	13.303791
12/17/14	14.17	14.52	14.11	14.45	29504200	12.980403
12/16/14	14.19	14.46	13.93	14.09	43879300	12.657016
12/15/14	14.86	14.92	14.27	14.28	47476400	12.827692
12/12/14	15.2	15.21	14.99	14.99	22684500	13.465484
12/11/14	15.17	15.49	15.03	15.28	30359300	13.72599
12/10/14	15.43	15.43	15.15	15.16	24615500	13.618194
12/9/14	15.05	15.43	14.75	15.43	23382800	13.860735
12/8/14	15.68	15.75	15.38	15.43	25519100	13.860735
12/5/14	15.9	15.94	15.63	15.7	29700300	14.103275
12/4/14	16	16.030001	15.75	15.81	23264600	14.202088
12/3/14	15.88	16.129999	15.88	16.01	37561100	14.381748
12/2/14	15.86	15.95	15.61	15.9	32313000	14.282934
12/1/14	15.78	15.89	15.7	15.77	30022000	14.166157
11/28/14	15.65	15.73	15.47	15.73	18620300	14.130224
11/26/14	15.65	15.68	15.52	15.61	20003200	14.022428
11/25/14	15.74	15.84	15.61	15.68	32253500	14.08531
11/24/14	15.51	15.69	15.5	15.67	32797900	14.076326
11/21/14	15.64	15.65	15.37	15.43	25609600	13.860735
11/20/14	15.37	15.65	15.28	15.46	21163200	13.887684
11/19/14	15.48	15.48	15.26	15.44	22633500	13.869717
11/18/14	15.7	15.75	15.25	15.5	43647800	13.923616
11/17/14	15.35	15.6	15.2	15.54	46517300	13.959548
11/14/14	15.01	15.27	14.99	15.14	37093200	13.600229
11/13/14	14.71	15.17	14.7	14.93	50292300	13.411586
11/12/14	14.32	14.63	14.26	14.58	36221100	13.097182
11/11/14	14.05	14.43	14	14.37	35345600	12.908539
11/10/14	14.19	14.2	13.95	14	36413300	12.576169
11/7/14	14.22	14.27	14.13	14.17	30254700	12.72888
11/6/14	13.92	14.22	13.92	14.19	36431700	12.746845
11/5/14	14.03	14.05	13.87	13.94	26042800	12.522271
11/4/14	13.94	14	13.86	13.95	19695700	12.531254
11/3/14	14.1	14.17	13.94	13.99	31620700	12.567186
10/31/14	14.13	14.15	14.04	14.09	37277800	12.657016
10/30/14	13.88	13.97	13.68	13.95	25506000	12.531254
10/29/14	14.14	14.18	13.76	13.91	31263900	12.495322
10/28/14	13.89	14.16	13.86	14.16	36821800	12.60761
10/27/14	13.87	13.89	13.68	13.82	61472200	12.304884
10/24/14	14.41	14.44	13.65	13.78	91944000	12.26927
10/23/14	14.3	14.49	14.28	14.4	30418400	12.821298
10/22/14	14.29	14.33	14.08	14.13	24285200	12.580899
10/21/14	14.26	14.28	14.1	14.26	29926800	12.696647
10/20/14	14.04	14.18	13.95	14.17	18972600	12.616514
10/17/14	14.2	14.25	13.97	14.02	31548000	12.482959
10/16/14	13.39	14.06	13.36	13.98	41375500	12.447343
10/15/14	13.59	13.77	13.26	13.62	46497000	12.126811
10/14/14	13.6	14.04	13.54	13.78	43392900	12.26927
10/13/14	13.78	13.88	13.52	13.54	37691700	12.055582
10/10/14	13.71	13.92	13.52	13.79	41079500	12.278174
10/9/14	14.21	14.22	13.8	13.84	31768500	12.322692
10/8/14	14.07	14.24	13.62	14.21	50319300	12.652128
10/7/14	14.47	14.49	14.08	14.1	42850700	12.554188
10/6/14	14.66	14.7	14.5	14.52	23974300	12.928143
10/3/14	14.66	14.69	14.5	14.59	38177500	12.990468
10/2/14	14.66	14.67	14.44	14.56	37781800	12.963757
10/1/14	14.77	14.83	14.56	14.59	55948300	12.990468
9/30/14	15.01	15.15	14.49	14.79	115056700	13.168542
9/29/14	16.15	16.4	14.83	15.11	82938700	13.453459
9/26/14	16.23	16.33	16.18	16.33	20432100	14.539708
9/25/14	16.4	16.4	16.17	16.200001	19054900	14.423961
9/24/14	16.24	16.450001	16.24	16.41	22021600	14.610938
9/23/14	16.309999	16.35	16.139999	16.17	28285100	14.397249
9/22/14	16.58	16.610001	16.34	16.360001	23800300	14.56642
9/19/14	16.68	16.77	16.58	16.65	35006900	14.824626
9/18/14	16.540001	16.65	16.5	16.58	19453000	14.7623
9/17/14	16.59	16.700001	16.52	16.530001	25366300	14.717782
9/16/14	16.379999	16.530001	16.16	16.52	23772600	14.708879
9/15/14	16.559999	16.620001	16.42	16.469999	23691600	14.664359
9/12/14	16.639999	16.68	16.5	16.59	16470100	14.771204
9/11/14	16.59	16.67	16.51	16.66	14658900	14.833529
9/10/14	16.65	16.719999	16.610001	16.629999	16644400	14.806818
9/9/14	16.790001	16.82	16.59	16.629999	26656600	14.806818
9/8/14	16.74	16.870001	16.709999	16.799999	47565300	14.95818
9/5/14	17.299999	17.299999	16.940001	17.139999	29801700	15.260906
9/4/14	17.459999	17.629999	17.190001	17.27	20733700	15.376654
9/3/14	17.709999	17.870001	17.440001	17.469999	25723900	15.554727
9/2/14	17.48	17.620001	17.48	17.6	18538300	15.670476
8/29/14	17.469999	17.49	17.389999	17.41	15373400	15.501305
8/28/14	17.27	17.450001	17.209999	17.42	16855000	15.510209
8/27/14	17.23	17.4	17.209999	17.360001	18221100	15.456788
8/26/14	17.26	17.35	17.190001	17.190001	12167200	15.305425
8/25/14	17.209999	17.290001	17.200001	17.23	10770300	15.341039
8/22/14	17.32	17.389999	17.15	17.17	20294800	15.287617
8/21/14	17.43	17.49	17.370001	17.4	15051300	15.492402
8/20/14	17.35	17.43	17.25	17.41	14204600	15.501305
8/19/14	17.51	17.52	17.32	17.360001	15899400	15.456788
8/18/14	17.379999	17.52	17.379999	17.43	17174900	15.519113
8/15/14	17.49	17.49	17.17	17.309999	20958100	15.412268
8/14/14	17.4	17.48	17.23	17.43	19733500	15.519113
8/13/14	17.48	17.48	17.32	17.42	26177800	15.510209
8/12/14	17.15	17.41	17.139999	17.209999	25514800	15.323231
8/11/14	17.17	17.25	17.110001	17.17	17814900	15.287617
8/8/14	16.799999	17.120001	16.75	17.09	29370400	15.216388
8/7/14	17.040001	17.1	16.77	16.82	19997700	14.975988
8/6/14	16.74	17.08	16.74	16.98	21872900	15.118447
8/5/14	16.940001	17.139999	16.780001	16.870001	24843500	15.020508
8/4/14	16.959999	17.139999	16.940001	17.02	24871300	15.154062
8/1/14	17.049999	17.18	16.719999	16.809999	33678000	14.967084
7/31/14	17.299999	17.33	17.01	17.02	34170600	15.154062
7/30/14	17.52	17.6	17.32	17.459999	30169700	15.545823
7/29/14	17.65	17.85	17.540001	17.57	32972800	15.532468
7/28/14	17.620001	17.709999	17.469999	17.639999	29662100	15.59435
7/25/14	17.9	17.92	17.51	17.620001	34499800	15.576671
7/24/14	18.01	18.120001	17.68	17.84	53838000	15.771158
7/23/14	17.83	17.950001	17.780001	17.780001	30932500	15.718116
7/22/14	17.77	17.860001	17.67	17.82	24546100	15.753477
7/21/14	17.65	17.9	17.65	17.700001	19197700	15.647394
7/18/14	17.799999	17.84	17.65	17.719999	24838800	15.665073
7/17/14	17.66	18.08	17.639999	17.74	47287300	15.682754
7/16/14	17.66	17.870001	17.620001	17.799999	36063400	15.735796
7/15/14	17.549999	17.65	17.450001	17.540001	22626400	15.505948
7/14/14	17.51	17.6	17.450001	17.549999	20446700	15.514787
7/11/14	17.309999	17.49	17.290001	17.469999	20150000	15.444065
7/10/14	17.200001	17.389999	17.17	17.299999	20164400	15.293779
7/9/14	17.16	17.450001	17.139999	17.43	27037000	15.408704
7/8/14	17.219999	17.24	17.049999	17.110001	23323400	15.125814
7/7/14	17.190001	17.4	17.190001	17.32	20271600	15.31146
7/3/14	17.23	17.34	17.219999	17.32	13581200	15.31146
7/2/14	17.190001	17.299999	17.17	17.219999	17001400	15.223056
7/1/14	17.34	17.4	17.07	17.209999	36171500	15.214216
6/30/14	17.299999	17.35	17.200001	17.24	24073800	15.240737
6/27/14	17.18	17.290001	17.15	17.280001	31415200	15.2761
6/26/14	17.27	17.27	17.049999	17.200001	22189100	15.205377
6/25/14	16.950001	17.26	16.92	17.200001	37496700	15.205377
6/24/14	16.84	17.200001	16.83	16.969999	37736500	15.002048
6/23/14	16.700001	16.92	16.68	16.879999	23084400	14.922485
6/20/14	16.870001	16.870001	16.65	16.67	29981400	14.736839
6/19/14	16.870001	16.870001	16.76	16.780001	16728500	14.834083
6/18/14	16.790001	16.85	16.629999	16.83	22925800	14.878284
6/17/14	16.58	16.799999	16.530001	16.790001	17785400	14.842923
6/16/14	16.469999	16.68	16.379999	16.629999	22219600	14.701476
6/13/14	16.530001	16.65	16.5	16.559999	20323400	14.639594
6/12/14	16.889999	16.93	16.5	16.52	28544500	14.604234
6/11/14	16.969999	17.01	16.879999	16.9	21409200	14.940166
6/10/14	17.01	17.08	16.99	17.01	21980100	15.03741
6/9/14	17.01	17.120001	17	17	23144300	15.02857
6/6/14	16.67	17.08	16.67	17.08	38583400	15.099292
6/5/14	16.82	16.889999	16.6	16.68	34824800	14.745679
6/4/14	16.549999	16.85	16.459999	16.790001	33699600	14.842923
6/3/14	16.459999	16.719999	16.450001	16.549999	32579900	14.630754
6/2/14	16.51	16.51	16.379999	16.440001	17975100	14.533511
5/30/14	16.4	16.540001	16.370001	16.440001	23065400	14.533511
5/29/14	16.4	16.559999	16.370001	16.540001	42832500	14.621915
5/28/14	16.17	16.360001	16.15	16.309999	23241400	14.418586
5/27/14	16.09	16.200001	16.049999	16.16	21034700	14.285981
5/23/14	15.91	16.030001	15.9	16.02	17004400	14.162217
5/22/14	15.85	16.030001	15.85	15.91	24843700	14.064973
5/21/14	15.82	15.98	15.8	15.91	17809700	14.064973
5/20/14	15.9	15.93	15.74	15.77	20348900	13.941209
5/19/14	15.72	15.94	15.72	15.92	17368300	14.073813
5/16/14	15.7	15.86	15.56	15.76	25639200	13.932368
5/15/14	15.74	15.75	15.55	15.69	27244300	13.870485
5/14/14	15.85	15.89	15.75	15.75	15087900	13.923528
5/13/14	15.85	15.9	15.75	15.86	16509300	14.020771
5/12/14	15.81	15.9	15.78	15.84	17441400	14.003091
5/9/14	15.73	15.9	15.73	15.77	25172600	13.941209
5/8/14	15.54	15.95	15.51	15.81	36793400	13.97657
5/7/14	15.63	15.63	15.43	15.46	32181800	13.667158
5/6/14	15.74	15.76	15.53	15.56	23289100	13.755562
5/5/14	15.81	15.87	15.71	15.74	25120400	13.914687
5/2/14	15.95	15.98	15.8	15.9	22173000	14.056132
5/1/14	16.15	16.200001	15.85	15.91	30722100	14.064973
4/30/14	16.030001	16.18	15.92	16.15	26525000	14.277141
4/29/14	16	16.15	15.91	16.120001	27163700	14.140116
4/28/14	15.94	16.049999	15.75	15.97	33030100	14.008539
4/25/14	15.81	15.9	15.71	15.78	53874200	13.841874
4/24/14	16.41	16.440001	16.200001	16.32	27453200	14.315551
4/23/14	16.08	16.32	16.08	16.23	19808700	14.236605
4/22/14	15.96	16.18	15.93	16.1	18916800	14.122572
4/21/14	16.01	16.08	15.9	15.98	24911800	14.01731
4/17/14	15.99	16.1	15.99	16	17657900	14.034854
4/16/14	15.94	16.07	15.9	16.07	21853800	14.096256
4/15/14	15.77	15.88	15.66	15.84	28666200	13.894506
4/14/14	15.73	15.77	15.53	15.7	20414700	13.7717
4/11/14	15.8	15.93	15.6	15.63	39337200	13.710298
4/10/14	15.9	15.91	15.59	15.63	31254900	13.710298
4/9/14	16	16.09	15.75	15.84	36882800	13.894506
4/8/14	15.99	16.16	15.92	16.1	26836400	14.122572
4/7/14	16.08	16.17	15.86	15.94	28112900	13.982223
4/4/14	16.49	16.49	16.110001	16.129999	30524900	14.148886
4/3/14	16.459999	16.49	16.34	16.389999	26108300	14.376953
4/2/14	16.25	16.49	16.15	16.459999	39927100	14.438355
4/1/14	15.67	16.450001	15.67	16.32	84938900	14.315551
3/31/14	15.6	15.63	15.48	15.6	27054500	13.683983
3/28/14	15.32	15.58	15.31	15.45	36615100	13.552406
3/27/14	15.25	15.38	15.17	15.25	28244800	13.37697
3/26/14	15.38	15.44	15.23	15.25	24444100	13.37697
3/25/14	15.42	15.46	15.29	15.33	24656700	13.447144
3/24/14	15.48	15.54	15.3	15.39	27033600	13.499775
3/21/14	15.73	15.74	15.45	15.47	31678500	13.56995
3/20/14	15.45	15.55	15.37	15.55	21203100	13.640124
3/19/14	15.51	15.55	15.35	15.48	24374300	13.578721
3/18/14	15.29	15.57	15.28	15.49	28324200	13.587493
3/17/14	15.18	15.33	15.16	15.28	26929100	13.403285
3/14/14	15.18	15.25	15.06	15.08	26943300	13.22785
3/13/14	15.46	15.46	15.1	15.18	34344100	13.315568
3/12/14	15.24	15.42	15.15	15.4	31250500	13.508547
3/11/14	15.49	15.52	15.17	15.3	34612800	13.420829
3/10/14	15.5	15.64	15.45	15.51	30496600	13.605037
3/7/14	15.72	15.8	15.54	15.62	23666900	13.701526
3/6/14	15.72	15.83	15.66	15.67	26630800	13.745385
3/5/14	15.38	15.67	15.36	15.63	32955900	13.710298
3/4/14	15.33	15.39	15.27	15.37	33071700	13.482231
3/3/14	15.2	15.32	15.03	15.2	42824000	13.333111
2/28/14	15.33	15.41	15.23	15.39	35687900	13.499775
2/27/14	15.22	15.43	15.16	15.39	25727700	13.499775
2/26/14	15.14	15.46	15.07	15.26	34682200	13.385742
2/25/14	15.21	15.29	15.11	15.15	26401400	13.289252
2/24/14	15.18	15.36	15.12	15.18	30412900	13.315568
2/21/14	15.27	15.31	15.11	15.16	29967600	13.298024
2/20/14	15.27	15.3	15.15	15.27	20647300	13.394514
2/19/14	15.31	15.49	15.21	15.25	26262500	13.37697
2/18/14	15.38	15.45	15.28	15.39	32167900	13.499775
2/14/14	15.12	15.36	15.03	15.24	34282200	13.368198
2/13/14	14.9	15.09	14.88	15.08	27008800	13.22785
2/12/14	15.09	15.12	14.99	15	30519400	13.157676
2/11/14	14.91	15.01	14.82	14.96	43482100	13.122588
2/10/14	15.05	15.06	14.78	14.84	36217700	13.017327
2/7/14	14.94	15.13	14.94	14.97	38410500	13.13136
2/6/14	14.57	14.85	14.53	14.85	47527100	13.026099
2/5/14	14.93	14.93	14.5	14.73	45466500	12.920837
2/4/14	14.57	14.93	14.45	14.87	55397500	13.043642
2/3/14	15	15	14.4	14.55	92427200	12.762945
1/31/14	15.09	15.1	14.9	14.96	64132600	13.122588
1/30/14	15.43	15.45	15.18	15.25	32654100	13.37697
1/29/14	15.48	15.53	15.2	15.26	52241500	13.385742
1/28/14	15.97	16.01	15.51	15.72	57677500	13.679597
1/27/14	15.9	15.91	15.52	15.71	51218700	13.670895
1/24/14	16.190001	16.209999	15.78	15.83	66023500	13.775319
1/23/14	16.49	16.530001	16.309999	16.43	37860800	14.297442
1/22/14	16.440001	16.620001	16.370001	16.549999	28741900	14.401865
1/21/14	16.639999	16.68	16.360001	16.41	35597200	14.280037
1/17/14	16.780001	16.780001	16.450001	16.52	37152100	14.37576
1/16/14	16.67	16.76	16.559999	16.73	38410800	14.558502
1/15/14	16.370001	16.73	16.35	16.700001	64118200	14.532397
1/14/14	16.309999	16.43	16.17	16.4	44039200	14.271335
1/13/14	16.370001	16.530001	16.08	16.110001	57566400	14.018977
1/10/14	16.01	16.110001	15.94	16.07	44984000	13.984168
1/9/14	15.83	16.02	15.77	15.84	67836500	13.784022
1/8/14	15.6	15.71	15.51	15.54	48448300	13.52296
1/7/14	15.73	15.74	15.35	15.38	54476300	13.383728
1/6/14	15.72	15.76	15.52	15.58	42657600	13.557769
1/3/14	15.52	15.64	15.3	15.51	46122300	13.496855
1/2/14	15.42	15.45	15.28	15.44	31528500	13.43594
12/31/13	15.29	15.43	15.26	15.43	27829000	13.427238
12/30/13	15.36	15.42	15.25	15.28	32832800	13.296707
12/27/13	15.35	15.35	15.25	15.3	21842000	13.314112
12/26/13	15.23	15.34	15.22	15.33	24966000	13.340218
12/24/13	15.2	15.23	15.1	15.19	22642200	13.218389
12/23/13	15.49	15.5	15.12	15.15	59222000	13.183581
12/20/13	15.35	15.5	15.32	15.42	61508000	13.418536
12/19/13	15.46	15.5	15.25	15.3	84636000	13.314112
12/18/13	15.99	16	15.17	15.65	220363000	13.618682
12/17/13	16.860001	16.99	16.66	16.700001	40555800	14.532397
12/16/13	16.719999	16.940001	16.709999	16.860001	38001800	14.671629
12/13/13	16.469999	16.790001	16.459999	16.59	48535500	14.436674
12/12/13	16.360001	16.459999	16.200001	16.389999	30945400	14.262633
12/11/13	16.540001	16.610001	16.33	16.41	37848800	14.280037
12/10/13	16.540001	16.690001	16.51	16.530001	30523600	14.384462
12/9/13	16.68	16.790001	16.5	16.559999	34369700	14.410567
12/6/13	16.92	16.950001	16.610001	16.700001	33254500	14.532397
12/5/13	16.66	16.860001	16.52	16.74	44793800	14.567204
12/4/13	16.610001	16.76	16.49	16.620001	40104000	14.462781
12/3/13	17.049999	17.200001	16.42	16.559999	74867000	14.410567
12/2/13	17.120001	17.200001	17.030001	17.059999	27749600	14.845669
11/29/13	17.059999	17.18	17.040001	17.08	14918800	14.863074
11/27/13	16.860001	17.09	16.809999	17.030001	31559700	14.819564
11/26/13	17.049999	17.049999	16.85	16.870001	26440600	14.680332
11/25/13	17.1	17.139999	16.93	16.940001	25125300	14.741246
11/22/13	17.120001	17.139999	17	17.01	29789000	14.80216
11/21/13	17.01	17.15	16.98	17.09	33042300	14.871776
11/20/13	16.889999	17.08	16.84	16.92	31077800	14.723841
11/19/13	16.99	17.030001	16.82	16.870001	26841800	14.680332
11/18/13	17.07	17.18	16.92	16.98	31231300	14.776053
11/15/13	17.129999	17.15	17	17.07	33100600	14.854371
11/14/13	17.120001	17.200001	17.01	17.09	35559900	14.871776
11/13/13	16.66	17.1	16.639999	17.1	39160000	14.880478
11/12/13	16.799999	16.85	16.66	16.719999	31432300	14.5498
11/11/13	16.870001	17.139999	16.73	16.889999	29561200	14.697734
11/8/13	16.66	16.870001	16.610001	16.85	38987300	14.662927
11/7/13	16.91	16.92	16.530001	16.549999	47526900	14.401865
11/6/13	17.16	17.200001	16.85	16.91	37052400	14.715139
11/5/13	16.889999	17.139999	16.83	17.09	43517500	14.871776
11/4/13	16.969999	17.01	16.780001	17	33974700	14.793457
11/1/13	17.24	17.24	16.76	16.889999	52493000	14.697734
10/31/13	17.290001	17.33	17.1	17.110001	38742700	14.88918
10/30/13	17.620001	17.639999	17.25	17.34	39898500	15.089327
10/29/13	17.57	17.620001	17.41	17.610001	36931500	15.237262
10/28/13	17.66	17.719999	17.52	17.57	37323000	15.20265
10/25/13	17.84	17.85	17.42	17.6	47515700	15.228609
10/24/13	18.01	18.02	17.639999	17.76	71402500	15.367051
10/23/13	17.66	17.709999	17.389999	17.52	45496200	15.159388
10/22/13	17.549999	17.68	17.440001	17.6	30226500	15.228609
10/21/13	17.59	17.6	17.41	17.5	22159700	15.142082
10/18/13	17.52	17.549999	17.43	17.530001	23022100	15.168041
10/17/13	17.24	17.49	17.24	17.459999	26889400	15.107471
10/16/13	17.08	17.290001	17.030001	17.290001	33098300	14.960378
10/15/13	17.18	17.209999	16.950001	16.969999	39294100	14.683493
10/14/13	16.93	17.25	16.92	17.18	31229600	14.865199
10/11/13	17.02	17.120001	16.879999	17.110001	30814200	14.804631
10/10/13	16.870001	17	16.83	16.93	46955700	14.648883
10/9/13	16.51	16.74	16.35	16.620001	50838200	14.380653
10/8/13	16.83	16.85	16.450001	16.5	45491300	14.276821
10/7/13	16.860001	16.950001	16.809999	16.809999	30339600	14.545051
10/4/13	16.969999	17.139999	16.940001	17.09	24991600	14.787325
10/3/13	17.110001	17.17	16.76	16.950001	36628800	14.666189
10/2/13	17.09	17.219999	16.950001	17.209999	29527300	14.891156
10/1/13	16.93	17.34	16.92	17.190001	41817000	14.873852
9/30/13	16.77	17.01	16.690001	16.870001	36511300	14.596968
9/27/13	17.17	17.200001	17	17.049999	34022600	14.752714
9/26/13	17.26	17.379999	17.120001	17.27	32360900	14.943073
9/25/13	17.25	17.4	17.16	17.190001	31630300	14.873852
9/24/13	17.23	17.4	17.08	17.26	33787600	14.93442
9/23/13	17.27	17.35	16.98	17.200001	42733400	14.882505
9/20/13	17.709999	17.709999	17.299999	17.389999	47887900	15.046903
9/19/13	17.75	17.77	17.51	17.66	30748200	15.280524
9/18/13	17.360001	17.77	17.34	17.629999	45114100	15.254566
9/17/13	17.35	17.450001	17.299999	17.440001	23176300	15.090167
9/16/13	17.530001	17.59	17.299999	17.35	26976600	15.012293
9/13/13	17.450001	17.49	17.280001	17.35	21572800	15.012293
9/12/13	17.549999	17.559999	17.309999	17.389999	26855400	15.046903
9/11/13	17.5	17.58	17.389999	17.540001	32902300	15.176694
9/10/13	17.49	17.68	17.370001	17.549999	45850700	15.185345
9/9/13	17.110001	17.41	17.1	17.309999	38517000	14.977682
9/6/13	17.33	17.34	16.82	17	61718600	14.709451
9/5/13	17.1	17.35	17.030001	17.299999	55979000	14.969029
9/4/13	16.379999	17.02	16.370001	16.91	69533900	14.631578
9/3/13	16.42	16.540001	16.209999	16.34	33457700	14.138379
8/30/13	16.58	16.59	16.120001	16.190001	40290600	14.00859
8/29/13	16.209999	16.66	16.15	16.5	47714900	14.276821
8/28/13	15.86	16.15	15.71	16.02	37027600	13.861495
8/27/13	16.16	16.18	15.85	15.88	44005000	13.740358
8/26/13	16.440001	16.620001	16.379999	16.41	24792600	14.198947
8/23/13	16.469999	16.52	16.35	16.450001	21547100	14.233558
8/22/13	16.290001	16.49	16.25	16.41	16464700	14.198947
8/21/13	16.309999	16.42	16.110001	16.25	34926600	14.060505
8/20/13	16.059999	16.360001	15.82	16.309999	42599300	14.11242
8/19/13	16.290001	16.309999	16.110001	16.120001	28013600	13.948022
8/16/13	16.450001	16.6	16.219999	16.299999	30477300	14.103768
8/15/13	16.709999	16.73	16.219999	16.43	55905300	14.216253
8/14/13	17.040001	17.059999	16.85	16.889999	29255700	14.614272
8/13/13	17.15	17.209999	16.959999	17.059999	22372000	14.761367
8/12/13	16.91	17.139999	16.889999	17.07	23170600	14.77002
8/9/13	16.950001	17.110001	16.940001	17.02	25625300	14.726757
8/8/13	16.940001	17.030001	16.870001	16.98	26626200	14.692146
8/7/13	16.950001	16.959999	16.719999	16.77	33058100	14.510442
8/6/13	17.18	17.23	17	17.030001	29014000	14.73541
8/5/13	17.440001	17.5	17.110001	17.190001	53813000	14.873852
8/2/13	17.15	17.5	17.120001	17.5	32233600	15.142082
8/1/13	17.040001	17.209999	16.950001	17.190001	39519600	14.873852
7/31/13	17.09	17.15	16.84	16.879999	42156300	14.605619
7/30/13	17.190001	17.25	17.059999	17.08	25879200	14.692145
7/29/13	17.08	17.190001	17.049999	17.08	27823400	14.692145
7/26/13	16.92	17.129999	16.9	17.02	30356000	14.640534
7/25/13	17.26	17.27	16.879999	16.959999	51510200	14.588921
7/24/13	17.48	17.68	17.25	17.370001	78608500	14.941603
7/23/13	17.16	17.17	16.82	16.940001	35016900	14.571719
7/22/13	16.870001	17.040001	16.83	17.040001	28745600	14.657739
7/19/13	16.889999	16.889999	16.65	16.76	29592500	14.416883
7/18/13	16.82	16.98	16.780001	16.93	24606400	14.563116
7/17/13	16.639999	16.83	16.620001	16.780001	27888100	14.434087
7/16/13	16.950001	16.950001	16.41	16.6	63282600	14.279252
7/15/13	17.24	17.290001	17.1	17.120001	26663500	14.726554
7/12/13	16.98	17.110001	16.969999	17.110001	27297500	14.717952
7/11/13	16.950001	16.99	16.860001	16.98	34601800	14.606126
7/10/13	16.76	16.879999	16.65	16.719999	38162900	14.382474
7/9/13	16.860001	16.940001	16.719999	16.84	33762200	14.485699
7/8/13	16.85	16.93	16.75	16.809999	42019600	14.459892
7/5/13	16.530001	16.74	16.48	16.700001	44728400	14.365272
7/3/13	16.15	16.450001	16.139999	16.43	38114000	14.133018
7/2/13	15.76	16.209999	15.69	16.18	70275900	13.91797
7/1/13	15.61	15.79	15.56	15.74	36012200	13.539483
6/28/13	15.56	15.65	15.44	15.47	45034700	13.30723
6/27/13	15.43	15.7	15.39	15.65	35859600	13.462065
6/26/13	15.16	15.31	15.1	15.29	39595100	13.152395
6/25/13	14.85	15	14.84	14.97	34031900	12.877132
6/24/13	14.67	14.83	14.3	14.67	58598000	12.619074
6/21/13	15.02	15.06	14.59	15	48218100	12.902938
6/20/13	15.19	15.28	14.75	14.82	57313900	12.748103
6/19/13	15.6	15.62	15.31	15.32	35997500	13.178201
6/18/13	15.54	15.71	15.44	15.65	25950200	13.462065
6/17/13	15.53	15.72	15.44	15.55	31340000	13.376046
6/14/13	15.52	15.57	15.35	15.37	27186000	13.221211
6/13/13	15.31	15.6	15.18	15.58	34327500	13.401852
6/12/13	15.63	15.71	15.31	15.37	36207400	13.221211
6/11/13	15.52	15.68	15.4	15.51	35360600	13.341638
6/10/13	15.86	15.9	15.6	15.71	29589300	13.513677
6/7/13	15.58	15.76	15.46	15.73	37099500	13.530881
6/6/13	15.25	15.48	15.06	15.44	54819200	13.281424
6/5/13	15.7	15.71	15.18	15.25	64862400	13.117987
6/4/13	15.98	16.09	15.63	15.78	50273400	13.573891
6/3/13	15.93	16.08	15.51	15.89	59017900	13.668513
5/31/13	15.88	16.040001	15.68	15.68	52117500	13.487872
5/30/13	15.76	16.02	15.74	15.9	61805000	13.677114
5/29/13	15.27	15.72	15.24	15.63	65167400	13.444862
5/28/13	15.22	15.35	15.1	15.28	59250500	13.143793
5/24/13	14.71	14.88	14.66	14.79	25287100	12.722297
5/23/13	14.5	14.94	14.37	14.81	49128700	12.739501
5/22/13	15.08	15.32	14.86	14.97	67147900	12.877132
5/21/13	15.07	15.22	14.75	14.95	61840300	12.859928
5/20/13	15.01	15.23	15	15.05	34580000	12.945948
5/17/13	14.79	15.15	14.75	15.08	59729800	12.971754
5/16/13	14.77	14.85	14.6	14.64	40924300	12.593268
5/15/13	14.28	14.77	14.27	14.67	56875000	12.619074
5/14/13	14	14.3	13.98	14.27	32390700	12.274996
5/13/13	14.1	14.12	13.92	14.01	22758500	12.051344
5/10/13	14.21	14.23	14.02	14.11	30885100	12.137364
5/9/13	14.19	14.26	14.16	14.2	30575000	12.214781
5/8/13	14.15	14.24	14.1	14.21	33334600	12.223383
5/7/13	14.2	14.25	14.09	14.19	42070400	12.206179
5/6/13	13.86	14.15	13.83	14.09	53821400	12.12016
5/3/13	13.58	13.83	13.57	13.83	45933600	11.896509
5/2/13	13.54	13.55	13.38	13.41	33982900	11.535227
5/1/13	13.64	13.78	13.35	13.38	39344800	11.509421
4/30/13	13.66	13.74	13.52	13.71	24858800	11.707266
4/29/13	13.73	13.76	13.57	13.66	20659200	11.66457
4/26/13	13.52	13.76	13.45	13.67	43814900	11.673109
4/25/13	13.4	13.56	13.35	13.47	42016000	11.502325
4/24/13	13.48	13.54	13.12	13.33	46026300	11.382776
4/23/13	13.12	13.45	13.11	13.36	40082600	11.408393
4/22/13	12.97	13.08	12.8	13.06	26082200	11.152217
4/19/13	12.88	12.97	12.75	12.93	26971400	11.041207
4/18/13	12.94	12.98	12.65	12.75	34877900	10.887501
4/17/13	12.97	13.05	12.8	12.93	44583600	11.041207
4/16/13	13.17	13.24	13	13.12	36338200	11.203452
4/15/13	13.36	13.46	12.91	12.95	55885900	11.058285
4/12/13	13.43	13.55	13.26	13.53	37955000	11.55356
4/11/13	13.15	13.58	13.13	13.55	51493300	11.570639
4/10/13	12.87	13.13	12.82	13.12	31089600	11.203452
4/9/13	12.85	12.96	12.75	12.8	29826000	10.930197
4/8/13	12.46	12.83	12.4	12.78	23884700	10.913118
4/5/13	12.43	12.5	12.15	12.44	42605700	10.622785
4/4/13	12.68	12.78	12.45	12.65	29803800	10.802109
4/3/13	13.05	13.05	12.59	12.68	45189000	10.827727
4/2/13	13	13.19	12.96	13.01	35189300	11.109521
4/1/13	13.01	13.15	12.9	12.9	32961500	11.015589
3/28/13	13.24	13.24	13.1	13.15	25472400	11.229069
3/27/13	13.23	13.25	13.1	13.22	26240600	11.288844
3/26/13	13.35	13.37	13.24	13.31	24236700	11.365698
3/25/13	13.31	13.4	13.26	13.29	27238000	11.348619
3/22/13	13.24	13.31	13.2	13.26	21423900	11.323001
3/21/13	13.25	13.42	13.23	13.26	29740300	11.323001
3/20/13	13.22	13.4	13.18	13.36	32690500	11.408393
3/19/13	13.27	13.35	13.09	13.16	37639900	11.237609
3/18/13	13.16	13.39	12.8	13.26	36877600	11.323001
3/15/13	13.31	13.45	13.26	13.45	62961000	11.485246
3/14/13	13.43	13.45	13.37	13.43	31653300	11.468168
3/13/13	13.37	13.45	13.35	13.4	26467800	11.44255
3/12/13	13.37	13.47	13.17	13.39	46047600	11.434011
3/11/13	12.97	13.4	12.9	13.34	48696900	11.391315
3/8/13	12.94	12.99	12.81	12.98	24715100	11.083903
3/7/13	12.89	12.91	12.77	12.83	27702800	10.955815
3/6/13	12.97	13	12.85	12.89	28953400	11.00705
3/5/13	12.87	12.98	12.79	12.87	26863200	10.989972
3/4/13	12.55	12.75	12.53	12.75	24337100	10.887501
3/1/13	12.56	12.75	12.38	12.61	38806100	10.767952
2/28/13	12.78	12.87	12.6	12.61	37659400	10.767952
2/27/13	12.35	12.85	12.35	12.76	51569900	10.89604
2/26/13	12.24	12.35	12.11	12.34	29191400	10.537393
2/25/13	12.53	12.57	12.1	12.13	38627200	10.35807
2/22/13	12.44	12.5	12.31	12.48	23866400	10.656942
2/21/13	12.51	12.51	12.3	12.39	43703700	10.58009
2/20/13	12.95	12.98	12.57	12.6	50381800	10.759413
2/19/13	13.04	13.09	12.9	12.99	31089900	11.092442
2/15/13	13.14	13.14	13.01	13.02	32418700	11.11806
2/14/13	13	13.17	12.96	13.11	33489000	11.194913
2/13/13	13.11	13.14	12.99	13.04	24503600	11.135138
2/12/13	13.12	13.2	13.05	13.08	26243300	11.169295
2/11/13	13.06	13.2	13.02	13.11	17688900	11.194913
2/8/13	13.1	13.16	13.05	13.1	18613300	11.186374
2/7/13	13.26	13.31	13	13.07	33987500	11.160756
2/6/13	13.13	13.27	13.05	13.2	33520400	11.271766
2/5/13	12.97	13.25	12.94	13.18	39116500	11.254688
2/4/13	12.94	13	12.86	12.88	32702200	10.998511
2/1/13	13.1	13.13	12.94	13.02	45222500	11.11806
1/31/13	12.86	13.02	12.67	12.95	65844000	11.058285
1/30/13	13.01	13.2	12.89	12.93	59595900	11.041207
1/29/13	13.56	13.61	12.89	13.14	131146500	11.220531
1/28/13	13.49	13.82	13.42	13.78	51189300	11.76704
1/25/13	13.83	13.84	13.64	13.68	53405400	11.596257
1/24/13	13.82	13.98	13.81	13.87	42532700	11.757315
1/23/13	14	14.02	13.79	13.88	58122200	11.765792
1/22/13	14.06	14.19	14	14.17	35467900	12.011619
1/18/13	14.1	14.13	13.97	14.11	45716100	11.960758
1/17/13	14.27	14.3	14.07	14.22	44299300	12.054004
1/16/13	14.16	14.25	14.01	14.22	51453400	12.054004
1/15/13	13.91	14.3	13.89	14.3	55425000	12.121818
1/14/13	14.04	14.08	13.86	13.99	46224800	11.859037
1/11/13	14	14.07	13.9	14	67641200	11.867514
1/10/13	13.78	13.94	13.68	13.83	84884300	11.723408
1/9/13	13.4	13.6	13.39	13.47	36973900	11.418244
1/8/13	13.38	13.43	13.2	13.35	46336200	11.316522
1/7/13	13.52	13.58	13.35	13.43	43482400	11.384337
1/4/13	13.51	13.61	13.35	13.57	54669900	11.503011
1/3/13	13.24	13.7	13.05	13.46	121284700	11.409767
1/2/13	13.23	13.28	13	13.2	75274700	11.18937
12/31/12	12.88	13.08	12.76	12.95	106908900	10.97745
12/28/12	12.55	12.88	12.52	12.87	95668600	10.909636
12/27/12	12.79	12.81	12.36	12.76	108315100	10.816391
12/26/12	12.31	12.79	12.31	12.79	140331900	10.841821
12/24/12	11.67	12.4	11.67	12.4	91734900	10.511226
12/21/12	11.55	11.86	11.47	11.86	94489300	10.053479
12/20/12	11.74	11.8	11.58	11.77	47750100	9.977189
12/19/12	11.79	11.85	11.62	11.73	54884700	9.943281
12/18/12	11.48	11.68	11.4	11.67	61810400	9.89242
12/17/12	11.16	11.41	11.14	11.39	46983300	9.65507
12/14/12	11.27	11.27	11.03	11.1	36933500	9.409243
12/13/12	11.46	11.5	11.21	11.27	35443200	9.553349
12/12/12	11.52	11.56	11.43	11.47	31099900	9.722885
12/11/12	11.51	11.58	11.4	11.49	36326900	9.739838
12/10/12	11.41	11.53	11.41	11.47	26025200	9.722885
12/7/12	11.27	11.5	11.26	11.48	38404500	9.731361
12/6/12	11.26	11.31	11.19	11.24	31065800	9.527918
12/5/12	11.32	11.4	11.18	11.31	33152400	9.587256
12/4/12	11.4	11.44	11.23	11.31	37760200	9.587256
12/3/12	11.56	11.7	11.4	11.41	47746300	9.672024
11/30/12	11.52	11.6	11.33	11.45	41329600	9.705931
11/29/12	11.32	11.53	11.32	11.53	57289300	9.773745
11/28/12	11.05	11.26	10.98	11.25	38496900	9.536395
11/27/12	11.1	11.27	11.1	11.1	37610000	9.409243
11/26/12	11.05	11.14	10.97	11.11	26831700	9.41772
11/23/12	10.98	11.1	10.96	11.1	16032200	9.409243
11/21/12	10.84	11	10.8	10.92	21181700	9.256661
11/20/12	10.85	11.02	10.76	10.85	34739800	9.197323
11/19/12	10.65	10.9	10.65	10.83	39359100	9.18037
11/16/12	10.58	10.64	10.38	10.5	45346200	8.900635
11/15/12	10.57	10.8	10.46	10.57	48879800	8.959973
11/14/12	11.02	11.05	10.62	10.67	45664700	9.044741
11/13/12	10.89	11.1	10.86	11	33342900	9.324475
11/12/12	11.03	11.16	10.96	10.97	25723100	9.299045
11/9/12	10.76	11.1	10.71	10.93	40703600	9.265138
11/8/12	11.07	11.23	10.89	10.9	45948800	9.239707
11/7/12	11.25	11.34	11.04	11.06	56674900	9.375336
11/6/12	11.33	11.59	11.26	11.42	51232200	9.680501
11/5/12	11.15	11.35	11.13	11.25	37995000	9.536395
11/2/12	11.31	11.38	11.15	11.17	53399000	9.468581
11/1/12	11.19	11.3	10.88	11.25	88770100	9.536395
10/31/12	10.7	11.17	10.6	11.16	137960900	9.460104
10/26/12	10.35	10.42	10.22	10.36	43485500	8.739576
10/25/12	10.42	10.49	10.28	10.39	59290900	8.764884
10/24/12	10.08	10.29	10.01	10.17	49339800	8.579294
10/23/12	10.02	10.11	9.97	10	32476500	8.435884
10/22/12	10.14	10.24	10.03	10.17	39149700	8.579294
10/19/12	10.42	10.43	10.13	10.18	40493000	8.58773
10/18/12	10.36	10.57	10.33	10.43	44041700	8.798627
10/17/12	10.31	10.41	10.26	10.41	29346300	8.781755
10/16/12	10.26	10.32	10.22	10.3	32788400	8.688961
10/15/12	10.11	10.25	10.09	10.22	26466500	8.621474
10/12/12	10.14	10.25	10.09	10.12	24108500	8.537115
10/11/12	10.06	10.26	10.05	10.14	39328700	8.553987
10/10/12	10.12	10.12	9.95	9.98	33951600	8.419012
10/9/12	10.21	10.25	10.02	10.1	38235700	8.520243
10/8/12	10.06	10.12	9.99	10.05	25473900	8.478064
10/5/12	10.17	10.28	10.13	10.16	40693900	8.570858
10/4/12	10.06	10.15	9.96	10.11	46855500	8.528679
10/3/12	9.82	10.02	9.76	9.94	51023800	8.385268
10/2/12	10.01	10.05	9.71	9.79	63630000	8.258731
10/1/12	9.89	10.08	9.88	9.93	33445600	8.376833
9/28/12	9.99	10	9.81	9.86	44586300	8.317781
9/27/12	10.13	10.18	10.02	10.02	25740900	8.452756
9/26/12	9.98	10.12	9.86	10.01	44362600	8.44432
9/25/12	10.35	10.37	10.06	10.09	36866300	8.511807
9/24/12	10.3	10.4	10.26	10.32	28557900	8.705832
9/21/12	10.53	10.54	10.36	10.4	35459800	8.773319
9/20/12	10.48	10.52	10.35	10.44	28755100	8.807063
9/19/12	10.49	10.66	10.45	10.59	42403000	8.933601
9/18/12	10.3	10.45	10.28	10.42	34937000	8.790191
9/17/12	10.27	10.42	10.26	10.39	31922200	8.764884
9/14/12	10.41	10.57	10.39	10.53	55934300	8.882986
9/13/12	10.2	10.38	10.12	10.34	50920200	8.722704
9/12/12	10.25	10.3	10.17	10.21	28046500	8.613038
9/11/12	10.18	10.25	10.13	10.15	28165300	8.562422
9/10/12	10.08	10.28	10.06	10.11	43381300	8.528679
9/7/12	9.95	10.23	9.93	10.14	60617000	8.553987
9/6/12	9.66	9.96	9.66	9.92	67996400	8.368397
9/5/12	9.45	9.62	9.39	9.57	40608800	8.073141
9/4/12	9.37	9.47	9.35	9.41	37965000	7.938167
8/31/12	9.39	9.43	9.31	9.34	28029200	7.879116
8/30/12	9.3	9.34	9.25	9.31	16459400	7.853808
8/29/12	9.33	9.4	9.29	9.32	26115700	7.862244
8/28/12	9.37	9.44	9.31	9.34	23084400	7.879116
8/27/12	9.51	9.52	9.38	9.39	22754200	7.921295
8/24/12	9.42	9.52	9.41	9.49	19574600	8.005654
8/23/12	9.45	9.54	9.42	9.45	23537700	7.97191
8/22/12	9.5	9.56	9.4	9.49	26965500	8.005654
8/21/12	9.65	9.7	9.52	9.53	26281100	8.039397
8/20/12	9.58	9.64	9.51	9.63	38923800	8.123757
8/17/12	9.65	9.66	9.6	9.63	34533900	8.123757
8/16/12	9.5	9.67	9.49	9.59	34323700	8.090013
8/15/12	9.44	9.54	9.41	9.49	21308300	8.005654
8/14/12	9.45	9.66	9.42	9.44	21129500	7.963474
8/13/12	9.35	9.42	9.25	9.4	21122000	7.929731
8/10/12	9.3	9.36	9.23	9.35	19618800	7.887552
8/9/12	9.31	9.46	9.3	9.34	30909800	7.879116
8/8/12	9.25	9.38	9.24	9.35	22630300	7.887552
8/7/12	9.18	9.39	9.18	9.31	43574500	7.853808
8/6/12	9.13	9.21	9.09	9.15	23819100	7.718834
8/3/12	9.02	9.15	8.96	9.09	38631400	7.668219
8/2/12	8.99	9.03	8.82	8.92	45326500	7.524809
8/1/12	9.29	9.42	8.99	9.04	65973000	7.626039
7/31/12	9.13	9.28	9.12	9.24	41360900	7.752578
7/30/12	9.04	9.18	9.01	9.1	40958300	7.635115
7/27/12	8.99	9.1	8.88	9	67986800	7.551212
7/26/12	9.05	9.11	8.83	8.96	51798900	7.517651
7/25/12	9.17	9.2	8.91	8.97	44338200	7.526042
7/24/12	9.17	9.24	8.95	9.06	53519200	7.601554
7/23/12	9.08	9.21	9.05	9.17	33773800	7.693846
7/20/12	9.28	9.35	9.18	9.21	27968300	7.727407
7/19/12	9.45	9.5	9.33	9.35	33615000	7.844871
7/18/12	9.38	9.52	9.34	9.38	31010000	7.870041
7/17/12	9.28	9.35	9.12	9.34	29510000	7.83648
7/16/12	9.22	9.32	9.15	9.26	28838200	7.769359
7/13/12	9.16	9.32	9.14	9.27	30248300	7.777749
7/12/12	9.26	9.28	9.12	9.13	55111000	7.660285
7/11/12	9.33	9.38	9.26	9.33	32028700	7.82809
7/10/12	9.5	9.55	9.28	9.35	33516600	7.844871
7/9/12	9.46	9.47	9.31	9.45	37441600	7.928773
7/6/12	9.47	9.52	9.4	9.5	30355400	7.970724
7/5/12	9.67	9.74	9.53	9.57	31783900	8.029456
7/3/12	9.53	9.79	9.49	9.6	49629300	8.054627
7/2/12	9.5	9.6	9.3	9.39	63388600	7.878432
6/29/12	9.95	9.98	9.46	9.59	138138600	8.046236
6/28/12	9.93	10.09	9.93	10.09	38648400	8.465748
6/27/12	10.05	10.1	9.97	10.02	33278900	8.407017
6/26/12	10.06	10.08	9.96	10.01	31871900	8.398626
6/25/12	10.13	10.18	9.95	10.01	44297600	8.398626
6/22/12	10.35	10.4	10.18	10.19	56427300	8.54965
6/21/12	10.65	10.68	10.25	10.27	40062800	8.616773
6/20/12	10.58	10.74	10.52	10.65	40810100	8.935601
6/19/12	10.37	10.64	10.35	10.56	37155900	8.860089
6/18/12	10.35	10.4	10.26	10.34	27361000	8.675504
6/15/12	10.4	10.42	10.26	10.35	39442000	8.683894
6/14/12	10.27	10.45	10.21	10.41	37531800	8.734235
6/13/12	10.39	10.49	10.22	10.3	41384200	8.641943
6/12/12	10.47	10.55	10.31	10.5	35130800	8.809748
6/11/12	10.77	10.8	10.45	10.45	35811400	8.767796
6/8/12	10.48	10.68	10.38	10.66	30811600	8.943991
6/7/12	10.73	10.78	10.52	10.55	33846100	8.851699
6/6/12	10.29	10.58	10.27	10.57	50458000	8.868479
6/5/12	10.01	10.24	9.97	10.19	38326200	8.54965
6/4/12	10.15	10.18	9.91	10.04	57305600	8.423797
6/1/12	10.33	10.37	10.06	10.12	68237000	8.490919
5/31/12	10.62	10.68	10.4	10.56	54297000	8.860089
5/30/12	10.73	10.75	10.52	10.66	44592100	8.943991
5/29/12	10.69	10.88	10.68	10.84	43760600	9.095016
5/25/12	10.61	10.68	10.51	10.6	30430800	8.89365
5/24/12	10.5	10.62	10.38	10.59	45334100	8.88526
5/23/12	10.32	10.45	10.22	10.41	75647800	8.734235
5/22/12	10.25	10.4	10.15	10.19	44295700	8.54965
5/21/12	10.02	10.23	10	10.2	38134900	8.55804
5/18/12	10.08	10.18	9.96	10.01	50572000	8.398626
5/17/12	10.16	10.25	10.01	10.01	49648900	8.398626
5/16/12	10.23	10.43	10.15	10.16	44321300	8.52448
5/15/12	10.34	10.34	10.1	10.15	41886500	8.516089
5/14/12	10.41	10.53	10.3	10.32	50225200	8.658723
5/11/12	10.61	10.83	10.56	10.58	36561300	8.87687
5/10/12	10.83	10.86	10.66	10.71	42526100	8.985943
5/9/12	10.48	10.81	10.41	10.69	54501200	8.969162
5/8/12	10.6	10.64	10.4	10.61	46174500	8.90204
5/7/12	10.53	10.79	10.52	10.66	33235200	8.943991
5/4/12	10.84	10.87	10.63	10.67	53268400	8.952382
5/3/12	11.13	11.15	10.85	10.92	40238400	9.162138
5/2/12	11.16	11.17	11	11.1	48572900	9.313162
5/1/12	11.25	11.34	11.11	11.23	43959200	9.422235
4/30/12	11.42	11.47	11.15	11.28	46156300	9.464186
4/27/12	12.03	12.04	11.52	11.6	83070300	9.690722
4/26/12	11.71	11.93	11.67	11.87	40889300	9.916282
4/25/12	11.51	11.75	11.43	11.73	45185400	9.799325
4/24/12	11.61	11.61	11.36	11.39	38615200	9.515287
4/23/12	11.15	11.4	11.15	11.35	31269200	9.481871
4/20/12	11.71	11.72	11.39	11.41	52631000	9.531995
4/19/12	11.81	11.88	11.58	11.66	48169200	9.740846
4/18/12	11.81	11.85	11.72	11.79	32314000	9.849449
4/17/12	11.98	12	11.88	11.91	35981200	9.949698
4/16/12	12.01	12.05	11.83	11.88	31903500	9.924636
4/13/12	11.98	12.03	11.84	11.92	39675000	9.958052
4/12/12	11.94	12.13	11.86	12.07	26988800	10.083363
4/11/12	11.99	12.02	11.88	11.91	34724400	9.949698
4/10/12	12.19	12.28	11.65	11.79	77370300	9.849449
4/9/12	12.26	12.29	12.11	12.22	42515300	10.208675
4/5/12	12.38	12.58	12.38	12.47	37939500	10.417526
4/4/12	12.46	12.52	12.32	12.51	51505000	10.450943
4/3/12	12.71	12.95	12.46	12.64	97034200	10.559546
4/2/12	12.5	12.65	12.44	12.62	43966900	10.542837
3/30/12	12.55	12.58	12.4	12.48	36381000	10.42588
3/29/12	12.33	12.52	12.24	12.5	51039700	10.442588
3/28/12	12.35	12.36	12.18	12.32	41051700	10.292215
3/27/12	12.51	12.61	12.3	12.32	35070700	10.292215
3/26/12	12.45	12.5	12.39	12.48	26692200	10.42588
3/23/12	12.31	12.37	12.18	12.32	44755000	10.292215
3/22/12	12.48	12.54	12.24	12.32	50117100	10.292215
3/21/12	12.59	12.67	12.55	12.57	27521400	10.501067
3/20/12	12.48	12.61	12.39	12.54	40214400	10.476005
3/19/12	12.52	12.68	12.48	12.63	52445700	10.551191
3/16/12	12.86	12.9	12.51	12.51	77119600	10.450943
3/15/12	12.9	13.04	12.83	12.9	55286600	10.776751
3/14/12	12.64	12.9	12.63	12.88	47578500	10.760043
3/13/12	12.48	12.72	12.4	12.7	42783600	10.60967
3/12/12	12.57	12.59	12.37	12.43	30275700	10.38411
3/9/12	12.53	12.73	12.48	12.58	36159300	10.509421
3/8/12	12.41	12.55	12.32	12.46	37099100	10.409172
3/7/12	12.21	12.3	12.15	12.24	28440900	10.225382
3/6/12	12.23	12.25	12	12.09	57374500	10.100072
3/5/12	12.67	12.68	12.41	12.46	28433700	10.409172
3/2/12	12.74	12.94	12.68	12.72	49063500	10.626378
3/1/12	12.48	12.77	12.45	12.66	68262000	10.576253
2/29/12	12.28	12.55	12.25	12.38	62093700	10.34234
2/28/12	12.34	12.35	12.2	12.25	30789000	10.233737
2/27/12	12.11	12.36	11.99	12.3	38703400	10.275507
2/24/12	12.43	12.46	12.19	12.23	31399300	10.217028
2/23/12	12.27	12.44	12.16	12.4	36747600	10.359047
2/22/12	12.49	12.51	12.22	12.28	43326000	10.258799
2/21/12	12.74	12.76	12.46	12.53	38409800	10.46765
2/17/12	12.84	12.88	12.71	12.75	30778000	10.65144
2/16/12	12.38	12.77	12.38	12.74	49164400	10.643086
2/15/12	12.47	12.57	12.33	12.38	38174800	10.34234
2/14/12	12.46	12.58	12.34	12.48	39627900	10.42588
2/13/12	12.74	12.74	12.51	12.54	34474400	10.476005
2/10/12	12.52	12.66	12.37	12.44	52505500	10.392464
2/9/12	12.89	12.9	12.67	12.69	52290500	10.601315
2/8/12	12.91	12.96	12.8	12.84	35352500	10.726627
2/7/12	12.93	12.97	12.83	12.88	39413500	10.760043
2/6/12	12.85	13	12.71	12.96	46363300	10.826876
2/3/12	12.47	12.84	12.39	12.79	78851200	10.684856
2/2/12	12.4	12.43	12.2	12.26	48347600	10.242091
2/1/12	12.73	12.75	12.29	12.33	71669000	10.300569
1/31/12	12.47	12.51	12.2	12.42	46412100	10.375756
1/30/12	12.06	12.44	12	12.29	57752600	10.267153
1/27/12	11.96	12.53	11.79	12.21	142155300	10.20032
1/26/12	13.03	13.05	12.66	12.79	75470700	10.643086
1/25/12	12.8	12.98	12.7	12.93	54021600	10.759586
1/24/12	12.56	12.86	12.46	12.82	45768400	10.66805
1/23/12	12.69	12.84	12.55	12.66	49379700	10.534908
1/20/12	12.55	12.64	12.45	12.59	43705700	10.476658
1/19/12	12.48	12.72	12.43	12.61	70894200	10.493301
1/18/12	12.03	12.37	12	12.34	47102700	10.268623
1/17/12	12.2	12.26	11.96	12.02	44398400	10.002338
1/13/12	12.01	12.08	11.84	12.04	46366700	10.01898
1/12/12	12.16	12.18	11.89	12.14	48687700	10.102195
1/11/12	11.74	12.18	11.65	12.07	63806000	10.043944
1/10/12	12	12.05	11.63	11.8	121750600	9.819267
1/9/12	11.83	11.95	11.7	11.8	53981500	9.819267
1/6/12	11.74	11.8	11.52	11.71	59840700	9.744374
1/5/12	11.33	11.63	11.24	11.59	67877500	9.644517
1/4/12	11.15	11.53	11.07	11.3	79725200	9.403196
1/3/12	11	11.25	10.99	11.13	45709900	9.261732
12/30/11	10.64	10.79	10.6	10.76	26815800	8.95384
12/29/11	10.56	10.75	10.5	10.68	34317000	8.887268
12/28/11	10.82	10.84	10.43	10.52	33445100	8.754126
12/27/11	10.87	10.98	10.76	10.81	25444800	8.995447